name: akveg-lichens
channels:
  - conda-forge
  - defaults
dependencies:
  - _openmp_mutex=4.5=2_gnu
  - _python_abi3_support=1.0=hd8ed1ab_2
  - bzip2=1.0.8=h2466b09_7
  - ca-certificates=2025.7.14=h4c7d964_0
  - cpython=3.13.5=py313hd8ed1ab_102
  - lcms2=2.17=hbcf6048_0
  - lerc=4.0.0=h6470a55_1
  - libdeflate=1.24=h76ddb4d_0
  - libexpat=2.7.1=hac47afa_0
  - libffi=3.4.6=h537db12_1
  - libfreetype=2.13.3=h57928b3_1
  - libfreetype6=2.13.3=h0b5ce68_1
  - libgcc=15.1.0=h1383e82_3
  - libgomp=15.1.0=h1383e82_3
  - libiconv=1.18=h135ad9c_1
  - libjpeg-turbo=3.1.0=h2466b09_0
  - liblzma=5.8.1=h2466b09_2
  - libmpdec=4.0.0=h2466b09_0
  - libpng=1.6.50=h95bef1e_0
  - libsqlite=3.50.3=hf5d6505_0
  - libtiff=4.7.0=h05922d8_5
  - libwebp-base=1.6.0=h4d5522a_0
  - libwinpthread=12.0.0.r4.gg4f2fc60ca=h57928b3_9
  - libxcb=1.17.0=h0e4246c_0
  - libxml2=2.13.8=h442d1da_0
  - libxslt=1.1.39=h3df6e99_0
  - libzlib=1.3.1=h2466b09_2
  - lxml=6.0.0=py313he881f1c_0
  - openjpeg=2.5.3=h4d64b90_0
  - openssl=3.5.1=h725018a_0
  - pillow=11.3.0=py313h641beac_0
  - pip=25.1.1=pyh145f28c_0
  - polars=1.31.0=default_h3b140a8_1
  - polars-default=1.31.0=py39he906d20_1
  - pthread-stubs=0.4=h0e40799_1002
  - python=3.13.5=h7de537c_102_cp313
  - python-docx=1.2.0=pyhff2d567_0
  - python-gil=3.13.5=h4df99d1_102
  - python_abi=3.13=8_cp313
  - tk=8.6.13=h2c6b04d_2
  - typing_extensions=4.14.1=pyhe01879c_0
  - tzdata=2025b=h78e105d_0
  - ucrt=10.0.22621.0=h57928b3_1
  - vc=14.3=h2b53caa_30
  - vc14_runtime=14.44.35208=h818238b_30
  - xorg-libxau=1.0.12=h0e40799_0
  - xorg-libxdmcp=1.1.5=h0e40799_0
  - zstd=1.5.7=hbeecb71_2
